Total de features selecionadas: 1845
================================================================================

   1. 0
   2. 1
   3. 2
   4. 3
   5. 4
   6. 5
   7. 6
   8. 7
   9. 8
  10. 9
  11. 10
  12. 11
  13. 12
  14. 13
  15. 14
  16. 15
  17. 16
  18. 17
  19. 18
  20. 19
  21. 20
  22. 21
  23. 22
  24. 24
  25. 25
  26. 26
  27. 27
  28. 28
  29. 29
  30. 30
  31. 31
  32. 32
  33. 33
  34. 34
  35. 35
  36. 36
  37. 37
  38. 38
  39. 39
  40. 40
  41. 41
  42. 42
  43. 43
  44. 44
  45. 45
  46. 47
  47. 48
  48. 49
  49. 51
  50. 52
  51. 53
  52. 54
  53. 55
  54. 56
  55. 57
  56. 58
  57. 59
  58. 60
  59. 61
  60. 62
  61. 63
  62. 64
  63. 65
  64. 66
  65. 67
  66. 68
  67. 69
  68. 70
  69. 72
  70. 73
  71. 74
  72. 75
  73. 76
  74. 77
  75. 78
  76. 79
  77. 80
  78. 81
  79. 82
  80. 83
  81. 84
  82. 85
  83. 86
  84. 87
  85. 88
  86. 89
  87. 90
  88. 91
  89. 92
  90. 93
  91. 94
  92. 95
  93. 96
  94. 98
  95. 99
  96. 100
  97. 101
  98. 102
  99. 103
 100. 104
 101. 105
 102. 106
 103. 107
 104. 108
 105. 109
 106. 110
 107. 111
 108. 112
 109. 113
 110. 114
 111. 115
 112. 116
 113. 117
 114. 118
 115. 119
 116. 120
 117. 121
 118. 122
 119. 123
 120. 124
 121. 125
 122. 126
 123. 127
 124. 128
 125. 129
 126. 130
 127. 131
 128. 132
 129. 133
 130. 134
 131. 135
 132. 137
 133. 138
 134. 139
 135. 140
 136. 141
 137. 142
 138. 144
 139. 145
 140. 146
 141. 147
 142. 148
 143. 149
 144. 150
 145. 151
 146. 152
 147. 153
 148. 154
 149. 155
 150. 156
 151. 157
 152. 158
 153. 159
 154. 160
 155. 161
 156. 162
 157. 165
 158. 166
 159. 167
 160. 168
 161. 169
 162. 170
 163. 171
 164. 172
 165. 173
 166. 175
 167. 176
 168. 177
 169. 178
 170. 179
 171. 180
 172. 181
 173. 182
 174. 184
 175. 185
 176. 186
 177. 187
 178. 188
 179. 189
 180. 190
 181. 191
 182. 192
 183. 193
 184. 194
 185. 195
 186. 196
 187. 197
 188. 198
 189. 199
 190. 200
 191. 201
 192. 202
 193. 203
 194. 204
 195. 205
 196. 206
 197. 207
 198. 208
 199. 209
 200. 210
 201. 211
 202. 212
 203. 213
 204. 214
 205. 215
 206. 216
 207. 217
 208. 218
 209. 219
 210. 221
 211. 222
 212. 223
 213. 224
 214. 225
 215. 226
 216. 227
 217. 228
 218. 229
 219. 230
 220. 231
 221. 232
 222. 233
 223. 234
 224. 235
 225. 236
 226. 237
 227. 238
 228. 239
 229. 240
 230. 241
 231. 242
 232. 243
 233. 244
 234. 245
 235. 246
 236. 247
 237. 248
 238. 249
 239. 250
 240. 251
 241. 252
 242. 253
 243. 254
 244. 255
 245. 256
 246. 257
 247. 258
 248. 260
 249. 261
 250. 262
 251. 263
 252. 264
 253. 265
 254. 266
 255. 267
 256. 268
 257. 269
 258. 270
 259. 271
 260. 272
 261. 273
 262. 274
 263. 275
 264. 276
 265. 277
 266. 281
 267. 282
 268. 283
 269. 284
 270. 285
 271. 286
 272. 287
 273. 288
 274. 289
 275. 290
 276. 291
 277. 292
 278. 293
 279. 294
 280. 295
 281. 296
 282. 297
 283. 298
 284. 299
 285. 300
 286. 301
 287. 302
 288. 303
 289. 304
 290. 305
 291. 306
 292. 307
 293. 308
 294. 309
 295. 310
 296. 311
 297. 312
 298. 313
 299. 314
 300. 315
 301. 316
 302. 317
 303. 318
 304. 319
 305. 320
 306. 321
 307. 322
 308. 323
 309. 325
 310. 326
 311. 327
 312. 328
 313. 329
 314. 330
 315. 331
 316. 332
 317. 333
 318. 334
 319. 335
 320. 336
 321. 337
 322. 338
 323. 339
 324. 340
 325. 341
 326. 342
 327. 343
 328. 344
 329. 345
 330. 346
 331. 347
 332. 348
 333. 349
 334. 350
 335. 351
 336. 352
 337. 353
 338. 354
 339. 355
 340. 356
 341. 357
 342. 358
 343. 359
 344. 360
 345. 361
 346. 362
 347. 363
 348. 364
 349. 365
 350. 366
 351. 367
 352. 368
 353. 369
 354. 370
 355. 371
 356. 372
 357. 373
 358. 374
 359. 375
 360. 376
 361. 377
 362. 378
 363. 379
 364. 380
 365. 381
 366. 382
 367. 383
 368. 384
 369. 385
 370. 386
 371. 387
 372. 389
 373. 390
 374. 391
 375. 392
 376. 393
 377. 394
 378. 395
 379. 396
 380. 397
 381. 398
 382. 399
 383. 400
 384. 401
 385. 402
 386. 403
 387. 404
 388. 406
 389. 407
 390. 408
 391. 409
 392. 410
 393. 411
 394. 415
 395. 416
 396. 417
 397. 418
 398. 419
 399. 420
 400. 422
 401. 423
 402. 424
 403. 425
 404. 426
 405. 427
 406. 428
 407. 429
 408. 431
 409. 432
 410. 435
 411. 436
 412. 437
 413. 438
 414. 439
 415. 440
 416. 441
 417. 442
 418. 443
 419. 444
 420. 445
 421. 446
 422. 447
 423. 448
 424. 449
 425. 450
 426. 451
 427. 452
 428. 453
 429. 454
 430. 455
 431. 456
 432. 457
 433. 458
 434. 459
 435. 460
 436. 461
 437. 462
 438. 463
 439. 464
 440. 465
 441. 466
 442. 467
 443. 468
 444. 469
 445. 470
 446. 471
 447. 472
 448. 473
 449. 474
 450. 475
 451. 476
 452. 477
 453. 478
 454. 479
 455. 480
 456. 481
 457. 482
 458. 483
 459. 484
 460. 485
 461. 486
 462. 487
 463. 488
 464. 489
 465. 490
 466. 491
 467. 492
 468. 493
 469. 494
 470. 495
 471. 496
 472. 497
 473. 498
 474. 499
 475. 500
 476. 501
 477. 502
 478. 503
 479. 504
 480. 505
 481. 506
 482. 507
 483. 508
 484. 509
 485. 510
 486. 511
 487. 512
 488. 513
 489. 514
 490. 516
 491. 517
 492. 518
 493. 519
 494. 520
 495. 521
 496. 522
 497. 525
 498. 526
 499. 527
 500. 528
 501. 529
 502. 530
 503. 531
 504. 532
 505. 533
 506. 535
 507. 536
 508. 537
 509. 538
 510. 539
 511. 540
 512. 541
 513. 542
 514. 543
 515. 544
 516. 545
 517. 546
 518. 547
 519. 548
 520. 549
 521. 550
 522. 551
 523. 552
 524. 553
 525. 554
 526. 555
 527. 556
 528. 557
 529. 558
 530. 559
 531. 560
 532. 562
 533. 563
 534. 564
 535. 565
 536. 566
 537. 567
 538. 568
 539. 570
 540. 571
 541. 572
 542. 574
 543. 575
 544. 576
 545. 577
 546. 578
 547. 579
 548. 581
 549. 582
 550. 583
 551. 584
 552. 585
 553. 586
 554. 587
 555. 588
 556. 589
 557. 590
 558. 591
 559. 592
 560. 593
 561. 594
 562. 595
 563. 596
 564. 598
 565. 599
 566. 600
 567. 601
 568. 602
 569. 604
 570. 605
 571. 606
 572. 607
 573. 609
 574. 610
 575. 611
 576. 612
 577. 613
 578. 614
 579. 615
 580. 616
 581. 617
 582. 618
 583. 619
 584. 620
 585. 621
 586. 623
 587. 624
 588. 625
 589. 626
 590. 627
 591. 628
 592. 629
 593. 630
 594. 631
 595. 632
 596. 633
 597. 634
 598. 635
 599. 636
 600. 637
 601. 638
 602. 639
 603. 640
 604. 641
 605. 642
 606. 643
 607. 644
 608. 645
 609. 647
 610. 648
 611. 649
 612. 650
 613. 651
 614. 652
 615. 653
 616. 654
 617. 655
 618. 656
 619. 657
 620. 658
 621. 659
 622. 660
 623. 661
 624. 662
 625. 663
 626. 664
 627. 665
 628. 666
 629. 667
 630. 668
 631. 669
 632. 670
 633. 671
 634. 672
 635. 675
 636. 676
 637. 677
 638. 678
 639. 679
 640. 680
 641. 681
 642. 682
 643. 684
 644. 685
 645. 686
 646. 687
 647. 688
 648. 689
 649. 691
 650. 692
 651. 693
 652. 694
 653. 695
 654. 696
 655. 697
 656. 698
 657. 699
 658. 701
 659. 702
 660. 703
 661. 704
 662. 705
 663. 706
 664. 707
 665. 708
 666. 709
 667. 710
 668. 711
 669. 712
 670. 713
 671. 714
 672. 715
 673. 716
 674. 717
 675. 718
 676. 719
 677. 720
 678. 721
 679. 722
 680. 723
 681. 724
 682. 725
 683. 726
 684. 728
 685. 729
 686. 731
 687. 733
 688. 734
 689. 735
 690. 736
 691. 737
 692. 738
 693. 740
 694. 741
 695. 742
 696. 743
 697. 744
 698. 745
 699. 746
 700. 747
 701. 748
 702. 749
 703. 751
 704. 752
 705. 753
 706. 754
 707. 756
 708. 757
 709. 758
 710. 759
 711. 760
 712. 761
 713. 762
 714. 763
 715. 764
 716. 765
 717. 766
 718. 767
 719. 769
 720. 770
 721. 773
 722. 774
 723. 775
 724. 776
 725. 777
 726. 778
 727. 779
 728. 780
 729. 781
 730. 782
 731. 783
 732. 784
 733. 785
 734. 786
 735. 787
 736. 788
 737. 789
 738. 790
 739. 792
 740. 793
 741. 794
 742. 795
 743. 796
 744. 797
 745. 799
 746. 800
 747. 801
 748. 802
 749. 803
 750. 804
 751. 805
 752. 806
 753. 807
 754. 808
 755. 809
 756. 810
 757. 811
 758. 812
 759. 813
 760. 814
 761. 815
 762. 816
 763. 817
 764. 818
 765. 819
 766. 820
 767. 821
 768. 822
 769. 823
 770. 824
 771. 827
 772. 828
 773. 830
 774. 831
 775. 832
 776. 833
 777. 834
 778. 835
 779. 836
 780. 837
 781. 838
 782. 839
 783. 841
 784. 842
 785. 843
 786. 844
 787. 845
 788. 846
 789. 847
 790. 848
 791. 849
 792. 850
 793. 851
 794. 852
 795. 853
 796. 854
 797. 855
 798. 856
 799. 857
 800. 858
 801. 859
 802. 860
 803. 861
 804. 862
 805. 864
 806. 866
 807. 868
 808. 869
 809. 870
 810. 871
 811. 872
 812. 874
 813. 875
 814. 876
 815. 878
 816. 879
 817. 880
 818. 881
 819. 882
 820. 883
 821. 884
 822. 885
 823. 886
 824. 887
 825. 888
 826. 889
 827. 890
 828. 891
 829. 892
 830. 893
 831. 894
 832. 895
 833. 896
 834. 897
 835. 898
 836. 899
 837. 900
 838. 901
 839. 902
 840. 903
 841. 904
 842. 905
 843. 906
 844. 907
 845. 908
 846. 909
 847. 910
 848. 911
 849. 912
 850. 913
 851. 914
 852. 915
 853. 917
 854. 918
 855. 919
 856. 921
 857. 922
 858. 923
 859. 924
 860. 925
 861. 926
 862. 927
 863. 928
 864. 930
 865. 932
 866. 933
 867. 934
 868. 935
 869. 936
 870. 937
 871. 938
 872. 939
 873. 940
 874. 941
 875. 942
 876. 943
 877. 944
 878. 945
 879. 946
 880. 947
 881. 948
 882. 952
 883. 953
 884. 954
 885. 955
 886. 956
 887. 957
 888. 959
 889. 960
 890. 961
 891. 962
 892. 963
 893. 964
 894. 965
 895. 966
 896. 967
 897. 968
 898. 969
 899. 970
 900. 971
 901. 972
 902. 974
 903. 975
 904. 976
 905. 977
 906. 978
 907. 979
 908. 980
 909. 981
 910. 982
 911. 984
 912. 985
 913. 986
 914. 987
 915. 991
 916. 993
 917. 994
 918. 995
 919. 997
 920. 998
 921. 999
 922. 1000
 923. 1001
 924. 1002
 925. 1003
 926. 1004
 927. 1005
 928. 1007
 929. 1008
 930. 1009
 931. 1010
 932. 1011
 933. 1012
 934. 1013
 935. 1014
 936. 1015
 937. 1016
 938. 1017
 939. 1018
 940. 1021
 941. 1022
 942. 1023
 943. 1024
 944. 1025
 945. 1026
 946. 1027
 947. 1028
 948. 1029
 949. 1030
 950. 1031
 951. 1032
 952. 1033
 953. 1034
 954. 1035
 955. 1036
 956. 1037
 957. 1038
 958. 1039
 959. 1040
 960. 1041
 961. 1042
 962. 1043
 963. 1044
 964. 1045
 965. 1046
 966. 1047
 967. 1048
 968. 1049
 969. 1050
 970. 1052
 971. 1053
 972. 1054
 973. 1055
 974. 1056
 975. 1057
 976. 1058
 977. 1059
 978. 1060
 979. 1061
 980. 1062
 981. 1063
 982. 1064
 983. 1065
 984. 1066
 985. 1067
 986. 1068
 987. 1069
 988. 1070
 989. 1071
 990. 1072
 991. 1073
 992. 1074
 993. 1075
 994. 1076
 995. 1077
 996. 1078
 997. 1079
 998. 1080
 999. 1081
1000. 1083
1001. 1084
1002. 1085
1003. 1086
1004. 1087
1005. 1088
1006. 1089
1007. 1090
1008. 1091
1009. 1093
1010. 1094
1011. 1095
1012. 1096
1013. 1097
1014. 1098
1015. 1099
1016. 1100
1017. 1101
1018. 1102
1019. 1103
1020. 1104
1021. 1105
1022. 1106
1023. 1107
1024. 1108
1025. 1109
1026. 1110
1027. 1111
1028. 1112
1029. 1114
1030. 1115
1031. 1116
1032. 1117
1033. 1118
1034. 1119
1035. 1120
1036. 1121
1037. 1123
1038. 1124
1039. 1125
1040. 1126
1041. 1127
1042. 1128
1043. 1129
1044. 1130
1045. 1131
1046. 1132
1047. 1133
1048. 1134
1049. 1135
1050. 1136
1051. 1137
1052. 1138
1053. 1139
1054. 1140
1055. 1142
1056. 1143
1057. 1144
1058. 1145
1059. 1146
1060. 1147
1061. 1148
1062. 1150
1063. 1151
1064. 1152
1065. 1153
1066. 1155
1067. 1156
1068. 1157
1069. 1158
1070. 1159
1071. 1160
1072. 1161
1073. 1162
1074. 1163
1075. 1164
1076. 1165
1077. 1166
1078. 1167
1079. 1168
1080. 1169
1081. 1170
1082. 1171
1083. 1172
1084. 1174
1085. 1175
1086. 1176
1087. 1178
1088. 1179
1089. 1180
1090. 1181
1091. 1182
1092. 1183
1093. 1184
1094. 1185
1095. 1186
1096. 1187
1097. 1189
1098. 1190
1099. 1191
1100. 1192
1101. 1193
1102. 1194
1103. 1197
1104. 1198
1105. 1199
1106. 1200
1107. 1201
1108. 1202
1109. 1203
1110. 1204
1111. 1205
1112. 1206
1113. 1207
1114. 1208
1115. 1209
1116. 1210
1117. 1211
1118. 1212
1119. 1213
1120. 1214
1121. 1215
1122. 1216
1123. 1218
1124. 1219
1125. 1221
1126. 1222
1127. 1224
1128. 1225
1129. 1226
1130. 1227
1131. 1228
1132. 1229
1133. 1230
1134. 1232
1135. 1234
1136. 1235
1137. 1236
1138. 1238
1139. 1240
1140. 1241
1141. 1242
1142. 1243
1143. 1244
1144. 1245
1145. 1247
1146. 1248
1147. 1249
1148. 1250
1149. 1251
1150. 1252
1151. 1253
1152. 1254
1153. 1255
1154. 1256
1155. 1257
1156. 1258
1157. 1259
1158. 1260
1159. 1262
1160. 1263
1161. 1264
1162. 1265
1163. 1266
1164. 1267
1165. 1269
1166. 1270
1167. 1271
1168. 1272
1169. 1273
1170. 1274
1171. 1275
1172. 1276
1173. 1277
1174. 1278
1175. 1279
1176. 1280
1177. 1281
1178. 1282
1179. 1283
1180. 1284
1181. 1285
1182. 1287
1183. 1288
1184. 1289
1185. 1290
1186. 1291
1187. 1292
1188. 1293
1189. 1294
1190. 1295
1191. 1296
1192. 1297
1193. 1298
1194. 1300
1195. 1303
1196. 1304
1197. 1305
1198. 1307
1199. 1308
1200. 1309
1201. 1311
1202. 1312
1203. 1313
1204. 1314
1205. 1315
1206. 1316
1207. 1317
1208. 1318
1209. 1319
1210. 1320
1211. 1321
1212. 1322
1213. 1323
1214. 1324
1215. 1325
1216. 1326
1217. 1327
1218. 1329
1219. 1330
1220. 1331
1221. 1332
1222. 1333
1223. 1335
1224. 1336
1225. 1337
1226. 1338
1227. 1339
1228. 1340
1229. 1342
1230. 1343
1231. 1344
1232. 1345
1233. 1346
1234. 1347
1235. 1348
1236. 1349
1237. 1350
1238. 1351
1239. 1352
1240. 1353
1241. 1354
1242. 1355
1243. 1356
1244. 1357
1245. 1358
1246. 1359
1247. 1360
1248. 1361
1249. 1362
1250. 1363
1251. 1364
1252. 1365
1253. 1366
1254. 1367
1255. 1368
1256. 1370
1257. 1371
1258. 1372
1259. 1373
1260. 1376
1261. 1377
1262. 1378
1263. 1379
1264. 1380
1265. 1381
1266. 1382
1267. 1383
1268. 1385
1269. 1386
1270. 1387
1271. 1389
1272. 1390
1273. 1391
1274. 1392
1275. 1393
1276. 1395
1277. 1396
1278. 1397
1279. 1399
1280. 1400
1281. 1401
1282. 1402
1283. 1403
1284. 1404
1285. 1405
1286. 1406
1287. 1407
1288. 1408
1289. 1409
1290. 1410
1291. 1411
1292. 1412
1293. 1413
1294. 1415
1295. 1416
1296. 1418
1297. 1419
1298. 1420
1299. 1421
1300. 1422
1301. 1423
1302. 1424
1303. 1425
1304. 1426
1305. 1427
1306. 1428
1307. 1429
1308. 1430
1309. 1431
1310. 1432
1311. 1433
1312. 1435
1313. 1436
1314. 1437
1315. 1438
1316. 1439
1317. 1440
1318. 1441
1319. 1442
1320. 1443
1321. 1444
1322. 1445
1323. 1446
1324. 1447
1325. 1448
1326. 1450
1327. 1451
1328. 1452
1329. 1455
1330. 1456
1331. 1457
1332. 1458
1333. 1459
1334. 1461
1335. 1462
1336. 1463
1337. 1464
1338. 1465
1339. 1467
1340. 1469
1341. 1470
1342. 1471
1343. 1472
1344. 1473
1345. 1474
1346. 1475
1347. 1476
1348. 1477
1349. 1478
1350. 1479
1351. 1480
1352. 1483
1353. 1485
1354. 1486
1355. 1487
1356. 1489
1357. 1490
1358. 1491
1359. 1492
1360. 1493
1361. 1495
1362. 1497
1363. 1498
1364. 1499
1365. 1501
1366. 1502
1367. 1503
1368. 1504
1369. 1506
1370. 1507
1371. 1508
1372. 1509
1373. 1510
1374. 1511
1375. 1512
1376. 1513
1377. 1514
1378. 1515
1379. 1516
1380. 1517
1381. 1518
1382. 1519
1383. 1521
1384. 1522
1385. 1523
1386. 1524
1387. 1525
1388. 1526
1389. 1527
1390. 1528
1391. 1530
1392. 1531
1393. 1532
1394. 1533
1395. 1534
1396. 1535
1397. 1536
1398. 1538
1399. 1539
1400. 1540
1401. 1541
1402. 1542
1403. 1543
1404. 1544
1405. 1545
1406. 1547
1407. 1548
1408. 1549
1409. 1550
1410. 1551
1411. 1552
1412. 1554
1413. 1555
1414. 1556
1415. 1557
1416. 1558
1417. 1559
1418. 1560
1419. 1561
1420. 1562
1421. 1563
1422. 1564
1423. 1565
1424. 1566
1425. 1567
1426. 1569
1427. 1570
1428. 1571
1429. 1572
1430. 1573
1431. 1574
1432. 1575
1433. 1576
1434. 1577
1435. 1578
1436. 1579
1437. 1580
1438. 1581
1439. 1582
1440. 1584
1441. 1585
1442. 1586
1443. 1587
1444. 1588
1445. 1590
1446. 1591
1447. 1592
1448. 1593
1449. 1594
1450. 1595
1451. 1596
1452. 1597
1453. 1598
1454. 1599
1455. 1600
1456. 1602
1457. 1603
1458. 1604
1459. 1605
1460. 1606
1461. 1607
1462. 1608
1463. 1609
1464. 1611
1465. 1612
1466. 1613
1467. 1614
1468. 1615
1469. 1616
1470. 1617
1471. 1618
1472. 1619
1473. 1620
1474. 1621
1475. 1622
1476. 1623
1477. 1624
1478. 1625
1479. 1626
1480. 1627
1481. 1628
1482. 1629
1483. 1630
1484. 1631
1485. 1632
1486. 1633
1487. 1634
1488. 1635
1489. 1636
1490. 1637
1491. 1638
1492. 1639
1493. 1640
1494. 1641
1495. 1642
1496. 1643
1497. 1644
1498. 1645
1499. 1647
1500. 1648
1501. 1649
1502. 1650
1503. 1652
1504. 1654
1505. 1655
1506. 1656
1507. 1657
1508. 1658
1509. 1661
1510. 1662
1511. 1663
1512. 1664
1513. 1665
1514. 1666
1515. 1667
1516. 1668
1517. 1669
1518. 1670
1519. 1671
1520. 1672
1521. 1673
1522. 1676
1523. 1677
1524. 1678
1525. 1679
1526. 1681
1527. 1682
1528. 1683
1529. 1684
1530. 1685
1531. 1686
1532. 1688
1533. 1689
1534. 1690
1535. 1691
1536. 1692
1537. 1693
1538. 1694
1539. 1695
1540. 1696
1541. 1697
1542. 1698
1543. 1699
1544. 1700
1545. 1701
1546. 1702
1547. 1703
1548. 1704
1549. 1705
1550. 1706
1551. 1707
1552. 1708
1553. 1709
1554. 1710
1555. 1713
1556. 1715
1557. 1716
1558. 1718
1559. 1719
1560. 1720
1561. 1721
1562. 1722
1563. 1723
1564. 1724
1565. 1725
1566. 1726
1567. 1727
1568. 1728
1569. 1729
1570. 1730
1571. 1731
1572. 1732
1573. 1733
1574. 1735
1575. 1736
1576. 1738
1577. 1739
1578. 1740
1579. 1741
1580. 1742
1581. 1743
1582. 1745
1583. 1746
1584. 1747
1585. 1748
1586. 1749
1587. 1750
1588. 1751
1589. 1752
1590. 1754
1591. 1756
1592. 1757
1593. 1758
1594. 1759
1595. 1760
1596. 1761
1597. 1763
1598. 1764
1599. 1765
1600. 1766
1601. 1767
1602. 1768
1603. 1769
1604. 1771
1605. 1772
1606. 1774
1607. 1775
1608. 1776
1609. 1777
1610. 1778
1611. 1779
1612. 1780
1613. 1781
1614. 1782
1615. 1783
1616. 1784
1617. 1785
1618. 1786
1619. 1787
1620. 1789
1621. 1790
1622. 1791
1623. 1792
1624. 1793
1625. 1794
1626. 1795
1627. 1796
1628. 1797
1629. 1798
1630. 1799
1631. 1800
1632. 1802
1633. 1803
1634. 1804
1635. 1806
1636. 1808
1637. 1809
1638. 1810
1639. 1811
1640. 1812
1641. 1813
1642. 1814
1643. 1815
1644. 1816
1645. 1817
1646. 1819
1647. 1820
1648. 1821
1649. 1822
1650. 1823
1651. 1824
1652. 1825
1653. 1826
1654. 1827
1655. 1828
1656. 1829
1657. 1830
1658. 1831
1659. 1832
1660. 1833
1661. 1834
1662. 1835
1663. 1836
1664. 1837
1665. 1838
1666. 1839
1667. 1840
1668. 1842
1669. 1843
1670. 1844
1671. 1845
1672. 1846
1673. 1847
1674. 1848
1675. 1849
1676. 1851
1677. 1852
1678. 1853
1679. 1855
1680. 1856
1681. 1857
1682. 1858
1683. 1859
1684. 1861
1685. 1862
1686. 1863
1687. 1865
1688. 1866
1689. 1867
1690. 1868
1691. 1869
1692. 1870
1693. 1871
1694. 1872
1695. 1873
1696. 1875
1697. 1876
1698. 1877
1699. 1878
1700. 1879
1701. 1880
1702. 1881
1703. 1882
1704. 1883
1705. 1884
1706. 1885
1707. 1886
1708. 1887
1709. 1888
1710. 1889
1711. 1890
1712. 1891
1713. 1893
1714. 1894
1715. 1895
1716. 1897
1717. 1899
1718. 1900
1719. 1901
1720. 1902
1721. 1903
1722. 1905
1723. 1906
1724. 1907
1725. 1908
1726. 1909
1727. 1910
1728. 1911
1729. 1912
1730. 1914
1731. 1915
1732. 1916
1733. 1917
1734. 1918
1735. 1919
1736. 1920
1737. 1921
1738. 1923
1739. 1924
1740. 1926
1741. 1927
1742. 1928
1743. 1929
1744. 1930
1745. 1931
1746. 1932
1747. 1933
1748. 1934
1749. 1935
1750. 1936
1751. 1937
1752. 1938
1753. 1939
1754. 1940
1755. 1941
1756. 1942
1757. 1943
1758. 1944
1759. 1945
1760. 1947
1761. 1948
1762. 1949
1763. 1950
1764. 1951
1765. 1952
1766. 1953
1767. 1954
1768. 1955
1769. 1956
1770. 1958
1771. 1959
1772. 1960
1773. 1961
1774. 1962
1775. 1964
1776. 1966
1777. 1967
1778. 1968
1779. 1969
1780. 1972
1781. 1973
1782. 1974
1783. 1975
1784. 1976
1785. 1978
1786. 1980
1787. 1981
1788. 1982
1789. 1983
1790. 1984
1791. 1985
1792. 1986
1793. 1987
1794. 1988
1795. 1989
1796. 1990
1797. 1991
1798. 1993
1799. 1994
1800. 1995
1801. 1996
1802. 1997
1803. 1999
1804. 2000
1805. 2001
1806. 2002
1807. 2003
1808. 2004
1809. 2005
1810. 2006
1811. 2009
1812. 2010
1813. 2011
1814. 2012
1815. 2013
1816. 2014
1817. 2015
1818. 2016
1819. 2017
1820. 2018
1821. 2019
1822. 2021
1823. 2022
1824. 2023
1825. 2024
1826. 2025
1827. 2026
1828. 2027
1829. 2028
1830. 2029
1831. 2030
1832. 2031
1833. 2032
1834. 2033
1835. 2034
1836. 2035
1837. 2036
1838. 2037
1839. 2039
1840. 2040
1841. 2041
1842. 2042
1843. 2043
1844. 2044
1845. 2047
